9.950042
9.950125
9.851284
9.655487
9.365644
8.985573
8.519950
7.974256
7.354713
6.668214
5.922252
5.124834
4.284400
3.409733
2.509871
1.594009
0.671413
-0.248678
-1.157142
-2.045063
-2.903816
-3.725156
-4.501288
-5.224946
-5.889458
-6.488805
-7.017678
-7.471520
-7.846565
-8.139869
-8.349329
-8.473696
-8.512582
-8.466449
-8.336604
-8.125168
-7.835058
-7.469938
-7.034187
-6.532838
-5.971529
-5.356437
-4.694212
-3.991907
-3.256903
-2.496833
-1.719503
-0.932811
-0.144674
0.637059
1.404681
2.150699
2.867913
3.549477
4.188972
4.780457
5.318530
5.798373
6.215795
6.567266
6.849950
7.061719
7.201175
7.267649
7.261209
7.182642
7.033448
6.815813
6.532581
6.187222
5.783786
5.326863
4.821527
4.273284
3.688012
3.071898
2.431374
1.773051
1.103651
0.429939
-0.241344
-0.903548
-1.550180
-2.174967
-2.771913
-3.335361
-3.860044
-4.341129
-4.774269
-5.155634
-5.481947
-5.750513
-5.959236
-6.106635
-6.191857
-6.214672
-6.175475
-6.075271
-5.915665
-5.698835
-5.427505
-5.104915
-4.734782
-4.321260
-3.868891
-3.382558
-2.867437
-2.328932
-1.772633
-1.204245
-0.629540
-0.054295
0.515766
1.075028
1.618036
2.139556
2.634615
3.098555
3.527073
3.916262
4.262643
4.563199
4.815398
5.017213
5.167140
5.264203
5.307965
5.298521
5.236493
5.123021
4.959746
4.748787
4.492715
4.194525
3.857600
3.485676
3.082799
2.653281
2.201659
1.732642
1.251066
0.761843
0.269915
-0.219803
-0.702462
-1.173335
-1.627857
-2.061673
-2.470676
-2.851046
-3.199286
-3.512254
-3.787190
-4.021739
-4.213970
-4.362393
-4.465969
-4.524115
-4.536704
-4.504064
-4.426970
-4.306631
-4.144673
-3.943121
-3.704372
-3.431171
-3.126575
-2.793927
-2.436811
-2.059022
-1.664522
-1.257399
-0.841826
-0.422018
-0.002192
0.413479
0.820902
1.216111
1.595297
1.954849
2.291389
2.601800
2.883255
3.133245
3.349597
3.530495
3.674493
3.780527
3.847921
3.876388
3.866034
3.817347
3.731193
3.608801
3.451748
3.261942
3.041594
2.793199
2.519507
2.223489
1.908311
1.577297
1.233895
0.881642
0.524130
0.164964
-0.192268
-0.544034
-0.886892
-1.217520
-1.532754
-1.829614
-2.105329
-2.357370
-2.583467
-2.781630
-2.950166
-3.087695
-3.193158
-3.265825
-3.305302
-3.311524
-3.284762
-3.225609
-3.134977
-3.014078
-2.864417
-2.687768
-2.486154
-2.261830
-2.017251
-1.755050
-1.478010
-1.189032
-0.891109
-0.587290
-0.280656
0.025718
0.328787
0.625572
0.913185
1.188857
1.449966
1.694062
1.918887
2.122398
2.302783
2.458480
2.588185
2.690868
2.765777
2.812444
2.830686
2.820603
2.782579
2.717269
2.625595
2.508729
2.368084
2.205296
2.022203
1.820827
1.603352
1.372101
1.129509
0.878102
0.620467
0.359226
0.097014
-0.163554
-0.419903
-0.669527
-0.910011
-1.139055
-1.354495
-1.554325
-1.736715
-1.900023
-2.042816
-2.163879
-2.262225
-2.337101
-2.387997
-2.414646
-2.417023
-2.395347
-2.350072
-2.281883
-2.191687
-2.080599
-1.949931
-1.801178
-1.635997
-1.456195
-1.263705
-1.060566
-0.848905
-0.630910
-0.408812
-0.184859
0.038703
0.259656
0.475829
0.685120
0.885518
1.075117
1.252142
1.414956
1.562083
1.692217
1.804231
1.897194
1.970369
2.023228
2.055446
2.066908
2.057707
2.028141
1.978705
1.910089
1.823166
1.718982
1.598744
1.463809
1.315663
1.155911
0.986257
0.808486
0.624445
0.436028
0.245151
0.053735
-0.136310
-0.323109
-0.504837
-0.679737
-0.846140
-1.002475
-1.147287
-1.279253
-1.397187
-1.500057
-1.586990
-1.657280
-1.710395
-1.745977
-1.763846
-1.764001
-1.746618
-1.712042
-1.660790
-1.593537
-1.511110
-1.414479
-1.304748
-1.183137
-1.050973
-0.909676
-0.760741
-0.605725
-0.446228
-0.283883
-0.120331
0.042791
0.203863
0.361307
0.513591
0.659255
0.796915
0.925282
1.043173
1.149519
1.243380
1.323944
1.390545
1.442658
1.479910
1.502078
1.509093
1.501034
1.478132
1.440763
1.389442
1.324817
1.247665
1.158876
1.059449
0.950479
0.833143
0.708692
0.578433
0.443720
0.305936
0.166481
0.026759
-0.111839
-0.247947
-0.380234
-0.507426
-0.628307
